{
 "cells": [
  {
   "cell_type": "code",
   "execution_count": 2,
   "metadata": {},
   "outputs": [],
   "source": [
    "import pandas as pd\n",
    "import matplotlib.pyplot as plt   \n",
    "%matplotlib inline\n",
    "import statsmodels.api as sm\n",
    "from sklearn.model_selection import train_test_split\n",
    "import numpy as np\n",
    "import statsmodels.formula.api as smf\n",
    "import random"
   ]
  },
  {
   "cell_type": "code",
   "execution_count": 3,
   "metadata": {},
   "outputs": [],
   "source": [
    "df = pd.read_csv('salary.csv')"
   ]
  },
  {
   "cell_type": "code",
   "execution_count": 4,
   "metadata": {},
   "outputs": [],
   "source": [
    "df = df.dropna(how='any',axis=0)"
   ]
  },
  {
   "cell_type": "code",
   "execution_count": 12,
   "metadata": {},
   "outputs": [
    {
     "data": {
      "text/html": [
       "<div>\n",
       "<style scoped>\n",
       "    .dataframe tbody tr th:only-of-type {\n",
       "        vertical-align: middle;\n",
       "    }\n",
       "\n",
       "    .dataframe tbody tr th {\n",
       "        vertical-align: top;\n",
       "    }\n",
       "\n",
       "    .dataframe thead th {\n",
       "        text-align: right;\n",
       "    }\n",
       "</style>\n",
       "<table border=\"1\" class=\"dataframe\">\n",
       "  <thead>\n",
       "    <tr style=\"text-align: right;\">\n",
       "      <th></th>\n",
       "      <th>salary</th>\n",
       "      <th>exprior</th>\n",
       "      <th>yearsworked</th>\n",
       "      <th>yearsrank</th>\n",
       "      <th>market</th>\n",
       "      <th>degree</th>\n",
       "      <th>otherqual</th>\n",
       "      <th>position</th>\n",
       "      <th>male</th>\n",
       "      <th>Field</th>\n",
       "      <th>yearsabs</th>\n",
       "    </tr>\n",
       "  </thead>\n",
       "  <tbody>\n",
       "    <tr>\n",
       "      <th>25</th>\n",
       "      <td>33680.0</td>\n",
       "      <td>0</td>\n",
       "      <td>3</td>\n",
       "      <td>3</td>\n",
       "      <td>0.88</td>\n",
       "      <td>1</td>\n",
       "      <td>0</td>\n",
       "      <td>1</td>\n",
       "      <td>1</td>\n",
       "      <td>4</td>\n",
       "      <td>1</td>\n",
       "    </tr>\n",
       "    <tr>\n",
       "      <th>230</th>\n",
       "      <td>62211.0</td>\n",
       "      <td>0</td>\n",
       "      <td>21</td>\n",
       "      <td>11</td>\n",
       "      <td>1.14</td>\n",
       "      <td>1</td>\n",
       "      <td>0</td>\n",
       "      <td>3</td>\n",
       "      <td>1</td>\n",
       "      <td>2</td>\n",
       "      <td>0</td>\n",
       "    </tr>\n",
       "    <tr>\n",
       "      <th>62</th>\n",
       "      <td>38333.0</td>\n",
       "      <td>0</td>\n",
       "      <td>7</td>\n",
       "      <td>2</td>\n",
       "      <td>0.80</td>\n",
       "      <td>1</td>\n",
       "      <td>0</td>\n",
       "      <td>2</td>\n",
       "      <td>1</td>\n",
       "      <td>3</td>\n",
       "      <td>2</td>\n",
       "    </tr>\n",
       "    <tr>\n",
       "      <th>6</th>\n",
       "      <td>61008.0</td>\n",
       "      <td>0</td>\n",
       "      <td>2</td>\n",
       "      <td>2</td>\n",
       "      <td>1.33</td>\n",
       "      <td>1</td>\n",
       "      <td>0</td>\n",
       "      <td>1</td>\n",
       "      <td>1</td>\n",
       "      <td>2</td>\n",
       "      <td>0</td>\n",
       "    </tr>\n",
       "    <tr>\n",
       "      <th>54</th>\n",
       "      <td>36308.0</td>\n",
       "      <td>3</td>\n",
       "      <td>2</td>\n",
       "      <td>2</td>\n",
       "      <td>0.80</td>\n",
       "      <td>1</td>\n",
       "      <td>0</td>\n",
       "      <td>1</td>\n",
       "      <td>1</td>\n",
       "      <td>1</td>\n",
       "      <td>0</td>\n",
       "    </tr>\n",
       "  </tbody>\n",
       "</table>\n",
       "</div>"
      ],
      "text/plain": [
       "      salary  exprior  yearsworked  yearsrank  market  degree  otherqual  \\\n",
       "25   33680.0        0            3          3    0.88       1          0   \n",
       "230  62211.0        0           21         11    1.14       1          0   \n",
       "62   38333.0        0            7          2    0.80       1          0   \n",
       "6    61008.0        0            2          2    1.33       1          0   \n",
       "54   36308.0        3            2          2    0.80       1          0   \n",
       "\n",
       "     position  male  Field  yearsabs  \n",
       "25          1     1      4         1  \n",
       "230         3     1      2         0  \n",
       "62          2     1      3         2  \n",
       "6           1     1      2         0  \n",
       "54          1     1      1         0  "
      ]
     },
     "execution_count": 12,
     "metadata": {},
     "output_type": "execute_result"
    }
   ],
   "source": [
    "y = df.salary\n",
    "X_train, X_test, y_train, y_test = train_test_split(df, y, test_size=0.3, random_state=9)"
   ]
  },
  {
   "cell_type": "code",
   "execution_count": 6,
   "metadata": {},
   "outputs": [
    {
     "data": {
      "text/plain": [
       "Intercept      39378.307467\n",
       "yearsworked      846.938724\n",
       "dtype: float64"
      ]
     },
     "execution_count": 6,
     "metadata": {},
     "output_type": "execute_result"
    }
   ],
   "source": [
    "model = smf.ols(formula='salary ~ yearsworked', data=X_train).fit() \n",
    "model.params"
   ]
  },
  {
   "cell_type": "code",
   "execution_count": 7,
   "metadata": {},
   "outputs": [
    {
     "name": "stdout",
     "output_type": "stream",
     "text": [
      "                            OLS Regression Results                            \n",
      "==============================================================================\n",
      "Dep. Variable:                 salary   R-squared:                       0.419\n",
      "Model:                            OLS   Adj. R-squared:                  0.417\n",
      "Method:                 Least Squares   F-statistic:                     257.5\n",
      "Date:                Mon, 01 Apr 2019   Prob (F-statistic):           5.23e-44\n",
      "Time:                        13:31:35   Log-Likelihood:                -3799.4\n",
      "No. Observations:                 359   AIC:                             7603.\n",
      "Df Residuals:                     357   BIC:                             7611.\n",
      "Df Model:                           1                                         \n",
      "Covariance Type:            nonrobust                                         \n",
      "===============================================================================\n",
      "                  coef    std err          t      P>|t|      [0.025      0.975]\n",
      "-------------------------------------------------------------------------------\n",
      "Intercept    3.938e+04    871.667     45.176      0.000    3.77e+04    4.11e+04\n",
      "yearsworked   846.9387     52.784     16.045      0.000     743.132     950.745\n",
      "==============================================================================\n",
      "Omnibus:                       65.441   Durbin-Watson:                   1.992\n",
      "Prob(Omnibus):                  0.000   Jarque-Bera (JB):              105.464\n",
      "Skew:                           1.085   Prob(JB):                     1.26e-23\n",
      "Kurtosis:                       4.530   Cond. No.                         28.5\n",
      "==============================================================================\n",
      "\n",
      "Warnings:\n",
      "[1] Standard Errors assume that the covariance matrix of the errors is correctly specified.\n"
     ]
    }
   ],
   "source": [
    "print_model = model.summary()\n",
    "print(print_model)"
   ]
  },
  {
   "cell_type": "markdown",
   "metadata": {},
   "source": [
    "### Does the model significantly predicts the dependent variable? Report the amount of variance explained (R^2) and significance value (p) to support your answer.\n",
    "\n",
    "The model significantly predicts the dependent variable. This is shown from variance (R^2) 0.419 (higher value generally indicates a better fit) with a p value of 0.000... (less than 0.05 is considered to be statistically significant)\n",
    "\n",
    "\n",
    "### What percentage of the variance in employees’ salaries is accounted for by the number of years they have worked?\n",
    "75.9%\n",
    "\n"
   ]
  },
  {
   "cell_type": "markdown",
   "metadata": {},
   "source": [
    "### What does the unstandardized coefficient (B or 'coef' in statsmodels) tell you about the relationship between Years Worked and Salary?\n",
    "The coeffecient is 2840.5341 this means that when salary increases by 1, the number of salary increases by 2840.5341"
   ]
  },
  {
   "cell_type": "markdown",
   "metadata": {},
   "source": [
    "### What do the 95% confidence intervals [0.025, 0.975] mean?"
   ]
  },
  {
   "cell_type": "markdown",
   "metadata": {},
   "source": [
    "It shows the amount you would expect at a 95% confidence level. "
   ]
  },
  {
   "cell_type": "markdown",
   "metadata": {},
   "source": [
    "### Calculate the expected salary for someone with 12 years’ work experience."
   ]
  },
  {
   "cell_type": "code",
   "execution_count": 8,
   "metadata": {
    "scrolled": false
   },
   "outputs": [
    {
     "name": "stdout",
     "output_type": "stream",
     "text": [
      "Expected salary is 41919.123639120146\n"
     ]
    }
   ],
   "source": [
    "predictions = model.predict(X_train)\n",
    "print('Expected salary is ' + str(predictions[12]))"
   ]
  },
  {
   "cell_type": "markdown",
   "metadata": {},
   "source": [
    "### Calculate the expected salary for someone with 80 years’ work experience. Are there any problems with this prediction? If so, what are they?"
   ]
  },
  {
   "cell_type": "code",
   "execution_count": 17,
   "metadata": {},
   "outputs": [
    {
     "data": {
      "text/plain": [
       "0    107133.405395\n",
       "dtype: float64"
      ]
     },
     "execution_count": 17,
     "metadata": {},
     "output_type": "execute_result"
    }
   ],
   "source": [
    "pred = pd.DataFrame({'yearsworked': [80]})\n",
    "model.predict(pred)\n"
   ]
  },
  {
   "cell_type": "markdown",
   "metadata": {},
   "source": [
    "### We have only looked at the number of years an employee has worked. What other employee characteristics might influence their salary?\n",
    "yearsworked<br>\n",
    "yearsrank<br>\n",
    "position"
   ]
  },
  {
   "cell_type": "code",
   "execution_count": 21,
   "metadata": {},
   "outputs": [
    {
     "data": {
      "text/html": [
       "<div>\n",
       "<style scoped>\n",
       "    .dataframe tbody tr th:only-of-type {\n",
       "        vertical-align: middle;\n",
       "    }\n",
       "\n",
       "    .dataframe tbody tr th {\n",
       "        vertical-align: top;\n",
       "    }\n",
       "\n",
       "    .dataframe thead th {\n",
       "        text-align: right;\n",
       "    }\n",
       "</style>\n",
       "<table border=\"1\" class=\"dataframe\">\n",
       "  <thead>\n",
       "    <tr style=\"text-align: right;\">\n",
       "      <th></th>\n",
       "      <th>salary</th>\n",
       "      <th>exprior</th>\n",
       "      <th>yearsworked</th>\n",
       "      <th>yearsrank</th>\n",
       "      <th>market</th>\n",
       "      <th>degree</th>\n",
       "      <th>otherqual</th>\n",
       "      <th>position</th>\n",
       "      <th>male</th>\n",
       "      <th>Field</th>\n",
       "      <th>yearsabs</th>\n",
       "    </tr>\n",
       "  </thead>\n",
       "  <tbody>\n",
       "    <tr>\n",
       "      <th>salary</th>\n",
       "      <td>1.000000</td>\n",
       "      <td>0.119989</td>\n",
       "      <td>0.623589</td>\n",
       "      <td>0.610706</td>\n",
       "      <td>0.407214</td>\n",
       "      <td>0.044554</td>\n",
       "      <td>0.167137</td>\n",
       "      <td>0.702122</td>\n",
       "      <td>0.361564</td>\n",
       "      <td>-0.499316</td>\n",
       "      <td>-0.069630</td>\n",
       "    </tr>\n",
       "    <tr>\n",
       "      <th>exprior</th>\n",
       "      <td>0.119989</td>\n",
       "      <td>1.000000</td>\n",
       "      <td>-0.245788</td>\n",
       "      <td>-0.065893</td>\n",
       "      <td>-0.035202</td>\n",
       "      <td>-0.049165</td>\n",
       "      <td>0.264655</td>\n",
       "      <td>0.118031</td>\n",
       "      <td>0.047276</td>\n",
       "      <td>-0.046854</td>\n",
       "      <td>0.132022</td>\n",
       "    </tr>\n",
       "    <tr>\n",
       "      <th>yearsworked</th>\n",
       "      <td>0.623589</td>\n",
       "      <td>-0.245788</td>\n",
       "      <td>1.000000</td>\n",
       "      <td>0.813456</td>\n",
       "      <td>-0.070740</td>\n",
       "      <td>0.028122</td>\n",
       "      <td>-0.040157</td>\n",
       "      <td>0.746311</td>\n",
       "      <td>0.278286</td>\n",
       "      <td>-0.264208</td>\n",
       "      <td>0.056113</td>\n",
       "    </tr>\n",
       "    <tr>\n",
       "      <th>yearsrank</th>\n",
       "      <td>0.610706</td>\n",
       "      <td>-0.065893</td>\n",
       "      <td>0.813456</td>\n",
       "      <td>1.000000</td>\n",
       "      <td>-0.026869</td>\n",
       "      <td>0.006347</td>\n",
       "      <td>0.007232</td>\n",
       "      <td>0.484891</td>\n",
       "      <td>0.237397</td>\n",
       "      <td>-0.265620</td>\n",
       "      <td>0.035962</td>\n",
       "    </tr>\n",
       "    <tr>\n",
       "      <th>market</th>\n",
       "      <td>0.407214</td>\n",
       "      <td>-0.035202</td>\n",
       "      <td>-0.070740</td>\n",
       "      <td>-0.026869</td>\n",
       "      <td>1.000000</td>\n",
       "      <td>0.036456</td>\n",
       "      <td>0.021641</td>\n",
       "      <td>-0.013116</td>\n",
       "      <td>0.181401</td>\n",
       "      <td>-0.223887</td>\n",
       "      <td>-0.167177</td>\n",
       "    </tr>\n",
       "    <tr>\n",
       "      <th>degree</th>\n",
       "      <td>0.044554</td>\n",
       "      <td>-0.049165</td>\n",
       "      <td>0.028122</td>\n",
       "      <td>0.006347</td>\n",
       "      <td>0.036456</td>\n",
       "      <td>1.000000</td>\n",
       "      <td>-0.214654</td>\n",
       "      <td>0.043335</td>\n",
       "      <td>0.061419</td>\n",
       "      <td>-0.099077</td>\n",
       "      <td>0.029447</td>\n",
       "    </tr>\n",
       "    <tr>\n",
       "      <th>otherqual</th>\n",
       "      <td>0.167137</td>\n",
       "      <td>0.264655</td>\n",
       "      <td>-0.040157</td>\n",
       "      <td>0.007232</td>\n",
       "      <td>0.021641</td>\n",
       "      <td>-0.214654</td>\n",
       "      <td>1.000000</td>\n",
       "      <td>0.160941</td>\n",
       "      <td>0.016082</td>\n",
       "      <td>-0.076202</td>\n",
       "      <td>-0.017792</td>\n",
       "    </tr>\n",
       "    <tr>\n",
       "      <th>position</th>\n",
       "      <td>0.702122</td>\n",
       "      <td>0.118031</td>\n",
       "      <td>0.746311</td>\n",
       "      <td>0.484891</td>\n",
       "      <td>-0.013116</td>\n",
       "      <td>0.043335</td>\n",
       "      <td>0.160941</td>\n",
       "      <td>1.000000</td>\n",
       "      <td>0.317390</td>\n",
       "      <td>-0.292313</td>\n",
       "      <td>0.030521</td>\n",
       "    </tr>\n",
       "    <tr>\n",
       "      <th>male</th>\n",
       "      <td>0.361564</td>\n",
       "      <td>0.047276</td>\n",
       "      <td>0.278286</td>\n",
       "      <td>0.237397</td>\n",
       "      <td>0.181401</td>\n",
       "      <td>0.061419</td>\n",
       "      <td>0.016082</td>\n",
       "      <td>0.317390</td>\n",
       "      <td>1.000000</td>\n",
       "      <td>-0.130599</td>\n",
       "      <td>-0.622058</td>\n",
       "    </tr>\n",
       "    <tr>\n",
       "      <th>Field</th>\n",
       "      <td>-0.499316</td>\n",
       "      <td>-0.046854</td>\n",
       "      <td>-0.264208</td>\n",
       "      <td>-0.265620</td>\n",
       "      <td>-0.223887</td>\n",
       "      <td>-0.099077</td>\n",
       "      <td>-0.076202</td>\n",
       "      <td>-0.292313</td>\n",
       "      <td>-0.130599</td>\n",
       "      <td>1.000000</td>\n",
       "      <td>0.000778</td>\n",
       "    </tr>\n",
       "    <tr>\n",
       "      <th>yearsabs</th>\n",
       "      <td>-0.069630</td>\n",
       "      <td>0.132022</td>\n",
       "      <td>0.056113</td>\n",
       "      <td>0.035962</td>\n",
       "      <td>-0.167177</td>\n",
       "      <td>0.029447</td>\n",
       "      <td>-0.017792</td>\n",
       "      <td>0.030521</td>\n",
       "      <td>-0.622058</td>\n",
       "      <td>0.000778</td>\n",
       "      <td>1.000000</td>\n",
       "    </tr>\n",
       "  </tbody>\n",
       "</table>\n",
       "</div>"
      ],
      "text/plain": [
       "               salary   exprior  yearsworked  yearsrank    market    degree  \\\n",
       "salary       1.000000  0.119989     0.623589   0.610706  0.407214  0.044554   \n",
       "exprior      0.119989  1.000000    -0.245788  -0.065893 -0.035202 -0.049165   \n",
       "yearsworked  0.623589 -0.245788     1.000000   0.813456 -0.070740  0.028122   \n",
       "yearsrank    0.610706 -0.065893     0.813456   1.000000 -0.026869  0.006347   \n",
       "market       0.407214 -0.035202    -0.070740  -0.026869  1.000000  0.036456   \n",
       "degree       0.044554 -0.049165     0.028122   0.006347  0.036456  1.000000   \n",
       "otherqual    0.167137  0.264655    -0.040157   0.007232  0.021641 -0.214654   \n",
       "position     0.702122  0.118031     0.746311   0.484891 -0.013116  0.043335   \n",
       "male         0.361564  0.047276     0.278286   0.237397  0.181401  0.061419   \n",
       "Field       -0.499316 -0.046854    -0.264208  -0.265620 -0.223887 -0.099077   \n",
       "yearsabs    -0.069630  0.132022     0.056113   0.035962 -0.167177  0.029447   \n",
       "\n",
       "             otherqual  position      male     Field  yearsabs  \n",
       "salary        0.167137  0.702122  0.361564 -0.499316 -0.069630  \n",
       "exprior       0.264655  0.118031  0.047276 -0.046854  0.132022  \n",
       "yearsworked  -0.040157  0.746311  0.278286 -0.264208  0.056113  \n",
       "yearsrank     0.007232  0.484891  0.237397 -0.265620  0.035962  \n",
       "market        0.021641 -0.013116  0.181401 -0.223887 -0.167177  \n",
       "degree       -0.214654  0.043335  0.061419 -0.099077  0.029447  \n",
       "otherqual     1.000000  0.160941  0.016082 -0.076202 -0.017792  \n",
       "position      0.160941  1.000000  0.317390 -0.292313  0.030521  \n",
       "male          0.016082  0.317390  1.000000 -0.130599 -0.622058  \n",
       "Field        -0.076202 -0.292313 -0.130599  1.000000  0.000778  \n",
       "yearsabs     -0.017792  0.030521 -0.622058  0.000778  1.000000  "
      ]
     },
     "execution_count": 21,
     "metadata": {},
     "output_type": "execute_result"
    }
   ],
   "source": [
    "df.corr()"
   ]
  },
  {
   "cell_type": "markdown",
   "metadata": {},
   "source": [
    "### How does your model compare when running it on the test set - what is the difference in the Root Mean Square Error (RMSE) between the training and test sets?"
   ]
  },
  {
   "cell_type": "code",
   "execution_count": null,
   "metadata": {},
   "outputs": [],
   "source": [
    "X_test = test['yearsworked']\n",
    "y_test= test['salary']\n"
   ]
  },
  {
   "cell_type": "code",
   "execution_count": null,
   "metadata": {},
   "outputs": [],
   "source": [
    "test_model = sm.OLS(y_test,X_test).fit()"
   ]
  },
  {
   "cell_type": "code",
   "execution_count": null,
   "metadata": {},
   "outputs": [],
   "source": [
    "print_test_model = test_model.summary()\n",
    "print(print_test_model)"
   ]
  },
  {
   "cell_type": "code",
   "execution_count": null,
   "metadata": {},
   "outputs": [],
   "source": []
  },
  {
   "cell_type": "code",
   "execution_count": null,
   "metadata": {},
   "outputs": [],
   "source": []
  },
  {
   "cell_type": "code",
   "execution_count": null,
   "metadata": {},
   "outputs": [],
   "source": []
  }
 ],
 "metadata": {
  "kernelspec": {
   "display_name": "Python 3",
   "language": "python",
   "name": "python3"
  },
  "language_info": {
   "codemirror_mode": {
    "name": "ipython",
    "version": 3
   },
   "file_extension": ".py",
   "mimetype": "text/x-python",
   "name": "python",
   "nbconvert_exporter": "python",
   "pygments_lexer": "ipython3",
   "version": "3.6.7"
  }
 },
 "nbformat": 4,
 "nbformat_minor": 2
}
