{
 "cells": [
  {
   "cell_type": "code",
   "execution_count": 15,
   "metadata": {},
   "outputs": [],
   "source": [
    "import pandas as pd\n",
    "import matplotlib.pyplot as plt   \n",
    "%matplotlib inline\n",
    "import statsmodels.api as sm\n",
    "from sklearn.model_selection import train_test_split"
   ]
  },
  {
   "cell_type": "code",
   "execution_count": 7,
   "metadata": {},
   "outputs": [],
   "source": [
    "df = pd.read_csv('salary.csv')"
   ]
  },
  {
   "cell_type": "code",
   "execution_count": 8,
   "metadata": {},
   "outputs": [],
   "source": [
    "df = df.dropna(how='any',axis=0)"
   ]
  },
  {
   "cell_type": "code",
   "execution_count": 9,
   "metadata": {
    "scrolled": true
   },
   "outputs": [
    {
     "data": {
      "text/html": [
       "<div>\n",
       "<style scoped>\n",
       "    .dataframe tbody tr th:only-of-type {\n",
       "        vertical-align: middle;\n",
       "    }\n",
       "\n",
       "    .dataframe tbody tr th {\n",
       "        vertical-align: top;\n",
       "    }\n",
       "\n",
       "    .dataframe thead th {\n",
       "        text-align: right;\n",
       "    }\n",
       "</style>\n",
       "<table border=\"1\" class=\"dataframe\">\n",
       "  <thead>\n",
       "    <tr style=\"text-align: right;\">\n",
       "      <th></th>\n",
       "      <th>salary</th>\n",
       "      <th>exprior</th>\n",
       "      <th>yearsworked</th>\n",
       "      <th>yearsrank</th>\n",
       "      <th>market</th>\n",
       "      <th>degree</th>\n",
       "      <th>otherqual</th>\n",
       "      <th>position</th>\n",
       "      <th>male</th>\n",
       "      <th>Field</th>\n",
       "      <th>yearsabs</th>\n",
       "    </tr>\n",
       "  </thead>\n",
       "  <tbody>\n",
       "    <tr>\n",
       "      <th>salary</th>\n",
       "      <td>1.000000</td>\n",
       "      <td>0.119989</td>\n",
       "      <td>0.623589</td>\n",
       "      <td>0.610706</td>\n",
       "      <td>0.407214</td>\n",
       "      <td>0.044554</td>\n",
       "      <td>0.167137</td>\n",
       "      <td>0.702122</td>\n",
       "      <td>0.361564</td>\n",
       "      <td>-0.499316</td>\n",
       "      <td>-0.069630</td>\n",
       "    </tr>\n",
       "    <tr>\n",
       "      <th>exprior</th>\n",
       "      <td>0.119989</td>\n",
       "      <td>1.000000</td>\n",
       "      <td>-0.245788</td>\n",
       "      <td>-0.065893</td>\n",
       "      <td>-0.035202</td>\n",
       "      <td>-0.049165</td>\n",
       "      <td>0.264655</td>\n",
       "      <td>0.118031</td>\n",
       "      <td>0.047276</td>\n",
       "      <td>-0.046854</td>\n",
       "      <td>0.132022</td>\n",
       "    </tr>\n",
       "    <tr>\n",
       "      <th>yearsworked</th>\n",
       "      <td>0.623589</td>\n",
       "      <td>-0.245788</td>\n",
       "      <td>1.000000</td>\n",
       "      <td>0.813456</td>\n",
       "      <td>-0.070740</td>\n",
       "      <td>0.028122</td>\n",
       "      <td>-0.040157</td>\n",
       "      <td>0.746311</td>\n",
       "      <td>0.278286</td>\n",
       "      <td>-0.264208</td>\n",
       "      <td>0.056113</td>\n",
       "    </tr>\n",
       "    <tr>\n",
       "      <th>yearsrank</th>\n",
       "      <td>0.610706</td>\n",
       "      <td>-0.065893</td>\n",
       "      <td>0.813456</td>\n",
       "      <td>1.000000</td>\n",
       "      <td>-0.026869</td>\n",
       "      <td>0.006347</td>\n",
       "      <td>0.007232</td>\n",
       "      <td>0.484891</td>\n",
       "      <td>0.237397</td>\n",
       "      <td>-0.265620</td>\n",
       "      <td>0.035962</td>\n",
       "    </tr>\n",
       "    <tr>\n",
       "      <th>market</th>\n",
       "      <td>0.407214</td>\n",
       "      <td>-0.035202</td>\n",
       "      <td>-0.070740</td>\n",
       "      <td>-0.026869</td>\n",
       "      <td>1.000000</td>\n",
       "      <td>0.036456</td>\n",
       "      <td>0.021641</td>\n",
       "      <td>-0.013116</td>\n",
       "      <td>0.181401</td>\n",
       "      <td>-0.223887</td>\n",
       "      <td>-0.167177</td>\n",
       "    </tr>\n",
       "    <tr>\n",
       "      <th>degree</th>\n",
       "      <td>0.044554</td>\n",
       "      <td>-0.049165</td>\n",
       "      <td>0.028122</td>\n",
       "      <td>0.006347</td>\n",
       "      <td>0.036456</td>\n",
       "      <td>1.000000</td>\n",
       "      <td>-0.214654</td>\n",
       "      <td>0.043335</td>\n",
       "      <td>0.061419</td>\n",
       "      <td>-0.099077</td>\n",
       "      <td>0.029447</td>\n",
       "    </tr>\n",
       "    <tr>\n",
       "      <th>otherqual</th>\n",
       "      <td>0.167137</td>\n",
       "      <td>0.264655</td>\n",
       "      <td>-0.040157</td>\n",
       "      <td>0.007232</td>\n",
       "      <td>0.021641</td>\n",
       "      <td>-0.214654</td>\n",
       "      <td>1.000000</td>\n",
       "      <td>0.160941</td>\n",
       "      <td>0.016082</td>\n",
       "      <td>-0.076202</td>\n",
       "      <td>-0.017792</td>\n",
       "    </tr>\n",
       "    <tr>\n",
       "      <th>position</th>\n",
       "      <td>0.702122</td>\n",
       "      <td>0.118031</td>\n",
       "      <td>0.746311</td>\n",
       "      <td>0.484891</td>\n",
       "      <td>-0.013116</td>\n",
       "      <td>0.043335</td>\n",
       "      <td>0.160941</td>\n",
       "      <td>1.000000</td>\n",
       "      <td>0.317390</td>\n",
       "      <td>-0.292313</td>\n",
       "      <td>0.030521</td>\n",
       "    </tr>\n",
       "    <tr>\n",
       "      <th>male</th>\n",
       "      <td>0.361564</td>\n",
       "      <td>0.047276</td>\n",
       "      <td>0.278286</td>\n",
       "      <td>0.237397</td>\n",
       "      <td>0.181401</td>\n",
       "      <td>0.061419</td>\n",
       "      <td>0.016082</td>\n",
       "      <td>0.317390</td>\n",
       "      <td>1.000000</td>\n",
       "      <td>-0.130599</td>\n",
       "      <td>-0.622058</td>\n",
       "    </tr>\n",
       "    <tr>\n",
       "      <th>Field</th>\n",
       "      <td>-0.499316</td>\n",
       "      <td>-0.046854</td>\n",
       "      <td>-0.264208</td>\n",
       "      <td>-0.265620</td>\n",
       "      <td>-0.223887</td>\n",
       "      <td>-0.099077</td>\n",
       "      <td>-0.076202</td>\n",
       "      <td>-0.292313</td>\n",
       "      <td>-0.130599</td>\n",
       "      <td>1.000000</td>\n",
       "      <td>0.000778</td>\n",
       "    </tr>\n",
       "    <tr>\n",
       "      <th>yearsabs</th>\n",
       "      <td>-0.069630</td>\n",
       "      <td>0.132022</td>\n",
       "      <td>0.056113</td>\n",
       "      <td>0.035962</td>\n",
       "      <td>-0.167177</td>\n",
       "      <td>0.029447</td>\n",
       "      <td>-0.017792</td>\n",
       "      <td>0.030521</td>\n",
       "      <td>-0.622058</td>\n",
       "      <td>0.000778</td>\n",
       "      <td>1.000000</td>\n",
       "    </tr>\n",
       "  </tbody>\n",
       "</table>\n",
       "</div>"
      ],
      "text/plain": [
       "               salary   exprior  yearsworked  yearsrank    market    degree  \\\n",
       "salary       1.000000  0.119989     0.623589   0.610706  0.407214  0.044554   \n",
       "exprior      0.119989  1.000000    -0.245788  -0.065893 -0.035202 -0.049165   \n",
       "yearsworked  0.623589 -0.245788     1.000000   0.813456 -0.070740  0.028122   \n",
       "yearsrank    0.610706 -0.065893     0.813456   1.000000 -0.026869  0.006347   \n",
       "market       0.407214 -0.035202    -0.070740  -0.026869  1.000000  0.036456   \n",
       "degree       0.044554 -0.049165     0.028122   0.006347  0.036456  1.000000   \n",
       "otherqual    0.167137  0.264655    -0.040157   0.007232  0.021641 -0.214654   \n",
       "position     0.702122  0.118031     0.746311   0.484891 -0.013116  0.043335   \n",
       "male         0.361564  0.047276     0.278286   0.237397  0.181401  0.061419   \n",
       "Field       -0.499316 -0.046854    -0.264208  -0.265620 -0.223887 -0.099077   \n",
       "yearsabs    -0.069630  0.132022     0.056113   0.035962 -0.167177  0.029447   \n",
       "\n",
       "             otherqual  position      male     Field  yearsabs  \n",
       "salary        0.167137  0.702122  0.361564 -0.499316 -0.069630  \n",
       "exprior       0.264655  0.118031  0.047276 -0.046854  0.132022  \n",
       "yearsworked  -0.040157  0.746311  0.278286 -0.264208  0.056113  \n",
       "yearsrank     0.007232  0.484891  0.237397 -0.265620  0.035962  \n",
       "market        0.021641 -0.013116  0.181401 -0.223887 -0.167177  \n",
       "degree       -0.214654  0.043335  0.061419 -0.099077  0.029447  \n",
       "otherqual     1.000000  0.160941  0.016082 -0.076202 -0.017792  \n",
       "position      0.160941  1.000000  0.317390 -0.292313  0.030521  \n",
       "male          0.016082  0.317390  1.000000 -0.130599 -0.622058  \n",
       "Field        -0.076202 -0.292313 -0.130599  1.000000  0.000778  \n",
       "yearsabs     -0.017792  0.030521 -0.622058  0.000778  1.000000  "
      ]
     },
     "execution_count": 9,
     "metadata": {},
     "output_type": "execute_result"
    }
   ],
   "source": [
    "df.corr()"
   ]
  },
  {
   "cell_type": "code",
   "execution_count": 10,
   "metadata": {},
   "outputs": [],
   "source": [
    "X = df[['salary', 'exprior', 'yearsrank','market', 'degree', 'otherqual', 'position', 'male', 'Field','yearsabs' ]]\n",
    "y = df['yearsworked']"
   ]
  },
  {
   "cell_type": "code",
   "execution_count": 16,
   "metadata": {},
   "outputs": [],
   "source": [
    "X_train, X_test, y_train, y_test = train_test_split(df, y, test_size=0.3)"
   ]
  },
  {
   "cell_type": "code",
   "execution_count": 17,
   "metadata": {},
   "outputs": [
    {
     "name": "stderr",
     "output_type": "stream",
     "text": [
      "/home/umuzi/.local/lib/python3.6/site-packages/numpy/core/fromnumeric.py:2389: FutureWarning: Method .ptp is deprecated and will be removed in a future version. Use numpy.ptp instead.\n",
      "  return ptp(axis=axis, out=out, **kwargs)\n"
     ]
    }
   ],
   "source": [
    "X = sm.add_constant(X_train)"
   ]
  },
  {
   "cell_type": "code",
   "execution_count": 18,
   "metadata": {},
   "outputs": [],
   "source": [
    "model = sm.OLS(y_train,X_train).fit()"
   ]
  },
  {
   "cell_type": "code",
   "execution_count": 19,
   "metadata": {},
   "outputs": [],
   "source": [
    "predictions = model.predict(X_train)"
   ]
  },
  {
   "cell_type": "code",
   "execution_count": 20,
   "metadata": {},
   "outputs": [
    {
     "name": "stdout",
     "output_type": "stream",
     "text": [
      "                            OLS Regression Results                            \n",
      "==============================================================================\n",
      "Dep. Variable:            yearsworked   R-squared:                       1.000\n",
      "Model:                            OLS   Adj. R-squared:                  1.000\n",
      "Method:                 Least Squares   F-statistic:                 1.175e+31\n",
      "Date:                Mon, 18 Mar 2019   Prob (F-statistic):               0.00\n",
      "Time:                        14:48:24   Log-Likelihood:                 10724.\n",
      "No. Observations:                 359   AIC:                        -2.143e+04\n",
      "Df Residuals:                     348   BIC:                        -2.138e+04\n",
      "Df Model:                          11                                         \n",
      "Covariance Type:            nonrobust                                         \n",
      "===============================================================================\n",
      "                  coef    std err          t      P>|t|      [0.025      0.975]\n",
      "-------------------------------------------------------------------------------\n",
      "salary       4.532e-19   2.43e-19      1.868      0.063    -2.4e-20     9.3e-19\n",
      "exprior      8.153e-17   3.93e-16      0.207      0.836   -6.92e-16    8.55e-16\n",
      "yearsworked     1.0000   4.94e-16   2.02e+15      0.000       1.000       1.000\n",
      "yearsrank     2.88e-16   5.19e-16      0.555      0.579   -7.32e-16    1.31e-15\n",
      "market      -3.886e-15   1.06e-14     -0.367      0.714   -2.47e-14     1.7e-14\n",
      "degree       1.166e-15   5.94e-15      0.196      0.845   -1.05e-14    1.29e-14\n",
      "otherqual    2.054e-15   7.26e-15      0.283      0.778   -1.22e-14    1.63e-14\n",
      "position    -2.914e-16   3.94e-15     -0.074      0.941   -8.03e-15    7.45e-15\n",
      "male         3.803e-15   4.56e-15      0.833      0.405   -5.17e-15    1.28e-14\n",
      "Field        5.655e-16   1.23e-15      0.461      0.645   -1.85e-15    2.98e-15\n",
      "yearsabs    -6.397e-18   1.13e-16     -0.056      0.955   -2.29e-16    2.16e-16\n",
      "==============================================================================\n",
      "Omnibus:                       27.024   Durbin-Watson:                   0.140\n",
      "Prob(Omnibus):                  0.000   Jarque-Bera (JB):               31.087\n",
      "Skew:                          -0.669   Prob(JB):                     1.78e-07\n",
      "Kurtosis:                       3.534   Cond. No.                     4.16e+05\n",
      "==============================================================================\n",
      "\n",
      "Warnings:\n",
      "[1] Standard Errors assume that the covariance matrix of the errors is correctly specified.\n",
      "[2] The condition number is large, 4.16e+05. This might indicate that there are\n",
      "strong multicollinearity or other numerical problems.\n"
     ]
    }
   ],
   "source": [
    "print_model = model.summary()\n",
    "print(print_model)"
   ]
  },
  {
   "cell_type": "code",
   "execution_count": null,
   "metadata": {},
   "outputs": [],
   "source": []
  },
  {
   "cell_type": "code",
   "execution_count": null,
   "metadata": {},
   "outputs": [],
   "source": []
  }
 ],
 "metadata": {
  "kernelspec": {
   "display_name": "Python 3",
   "language": "python",
   "name": "python3"
  },
  "language_info": {
   "codemirror_mode": {
    "name": "ipython",
    "version": 3
   },
   "file_extension": ".py",
   "mimetype": "text/x-python",
   "name": "python",
   "nbconvert_exporter": "python",
   "pygments_lexer": "ipython3",
   "version": "3.6.7"
  }
 },
 "nbformat": 4,
 "nbformat_minor": 2
}
